[0.0022755891550332308, 0.9952312111854553, 0.011414437554776669, 0.024093637242913246, 0.0013112869346514344, 5.312936627888121e-05]
[0.3287908434867859, 0.8797823786735535, 0.06060856208205223, 0.9913429021835327, 0.0002014443016378209, 1.8846679950001999e-06]
[0.45069658756256104, 0.18348772823810577, 0.027766020968556404, 0.1467820256948471, 0.013971526175737381, 0.0019174133194610476]
[0.999488115310669, 0.019038530066609383, 0.0035190749913454056, 0.055689360946416855, 0.0004393320996314287, 9.725459676701576e-05]
[0.07507500052452087, 0.9950920343399048, 0.017912311479449272, 0.027449270710349083, 0.002696296665817499, 0.0018212794093415141]
[0.960289478302002, 0.04288008436560631, 0.014864696189761162, 0.028441065922379494, 0.00042050707270391285, 0.0001484933018218726]
[0.9195243120193481, 0.07393734902143478, 0.022608865052461624, 0.017425984144210815, 0.023577872663736343, 0.01983562484383583]
[0.4459550082683563, 0.6478216648101807, 0.025006238371133804, 0.05827224254608154, 0.4457657039165497, 0.0008785700774751604]
[0.8780602812767029, 0.02386915683746338, 0.009059706702828407, 0.7550069093704224, 0.001369895413517952, 0.0022492113057523966]
[0.38035666942596436, 0.9978173971176147, 0.0166206993162632, 0.20230278372764587, 0.00155712163541466, 0.0004087480192538351]
[0.9840710163116455, 0.03797566145658493, 0.07760454714298248, 0.9892148375511169, 0.0028705550357699394, 6.0965525335632265e-05]
[0.37310194969177246, 0.4069901704788208, 0.00392827158793807, 0.010084506124258041, 0.0013643677812069654, 0.006524739786982536]
[0.0007602405385114253, 0.9976409673690796, 0.0009461345616728067, 0.0022765127941966057, 5.1115945097990334e-05, 2.4892033252399415e-06]
[0.9998403787612915, 0.8526657819747925, 0.01193206012248993, 0.021333342418074608, 0.00040234674816019833, 5.446603972814046e-05]
[0.02309190295636654, 0.10196992754936218, 0.08716907352209091, 0.9386212229728699, 0.0004958490026183426, 0.00031468807719647884]
[0.9999796152114868, 0.8841067552566528, 0.06414685398340225, 0.2666923403739929, 0.0016500186175107956, 6.562389899045229e-05]
[0.9999583959579468, 0.01614535041153431, 0.007141635753214359, 0.010809649713337421, 0.00011245049972785637, 5.912402775720693e-05]
[0.9895188212394714, 0.035653360188007355, 0.010072498582303524, 0.5704982280731201, 0.0007635797373950481, 0.0004512480227276683]
[0.24148356914520264, 0.035510070621967316, 0.030814459547400475, 0.20951883494853973, 0.0014299959875643253, 0.00023069338931236416]
[0.8344041705131531, 0.08939719200134277, 0.029659969732165337, 0.06566358357667923, 0.012006173841655254, 0.042014311999082565]
[0.8254879117012024, 0.9971801042556763, 0.003140287008136511, 0.003372224746271968, 0.00015497542335651815, 6.528297944896622e-06]
[0.31839922070503235, 0.854592502117157, 0.10301513224840164, 0.09497693926095963, 0.002135594142600894, 3.2323598134098575e-05]
[0.1712465137243271, 0.5256791710853577, 0.024065466597676277, 0.22915998101234436, 0.007772662676870823, 0.008015480823814869]
[0.9671146273612976, 0.0009260159567929804, 0.05022844299674034, 0.017154956236481667, 0.00048215637798421085, 8.820308721624315e-06]
[0.6664398312568665, 0.8070727586746216, 0.6586480140686035, 0.9293981194496155, 0.00038672334630973637, 3.059593154830509e-06]
[0.9982926249504089, 0.04287419468164444, 0.018108684569597244, 0.031810980290174484, 0.007946142926812172, 0.0036279004998505116]
[0.9999207258224487, 0.9600723385810852, 0.053322963416576385, 0.016474656760692596, 0.0012304356787353754, 2.5000919777085073e-05]
[0.31551793217658997, 0.9993342757225037, 0.038324642926454544, 0.0016291181091219187, 0.0008239005110226572, 1.5991253121683258e-06]
[0.15969417989253998, 0.7720099091529846, 0.02812955342233181, 0.03999205306172371, 0.012910418212413788, 0.019798675552010536]
[0.11235561966896057, 0.9587191939353943, 0.018230633810162544, 0.13235855102539062, 0.0027611784171313047, 0.004500799812376499]
[0.9989559650421143, 0.0030838462989777327, 0.0031838861759752035, 0.0015239814529195428, 0.0015396036906167865, 0.0006746002472937107]
[0.22111448645591736, 0.35815751552581787, 0.028554348275065422, 0.08608675748109818, 0.009315578266978264, 0.04655146598815918]
[0.9983982443809509, 0.003591658314689994, 0.004409805405884981, 0.0021163609344512224, 0.0009692222229205072, 0.0009526163921691477]
[0.018475420773029327, 0.9988981485366821, 0.0077327536419034, 0.010233956389129162, 0.010678085498511791, 6.172407302074134e-05]
[0.4675418734550476, 0.7174296379089355, 0.08789651095867157, 0.13542957603931427, 0.060834724456071854, 0.09861179441213608]
[0.001511821523308754, 0.9997764229774475, 0.0025480641052126884, 0.0016060087364166975, 1.5771849575685337e-05, 4.653707037505228e-07]
[0.1823553889989853, 0.30082690715789795, 0.06104934588074684, 0.09025949984788895, 0.05890343710780144, 0.08593786507844925]
[0.9296303987503052, 0.15490229427814484, 0.027558129280805588, 0.03767942637205124, 0.010760881938040257, 0.02698703110218048]
[0.00602932320907712, 0.9706693291664124, 0.004574428778141737, 0.005539736244827509, 0.0009406731696799397, 0.00012741317914333194]
[0.9985660910606384, 0.018493739888072014, 0.004231844563037157, 0.0005576267722062767, 0.0031405347399413586, 0.0017246076604351401]
[0.9995831847190857, 0.013615288771688938, 0.021406952291727066, 0.010239725932478905, 0.0002027316513704136, 3.6664321669377387e-05]
[0.9787585735321045, 0.19522595405578613, 0.003497942816466093, 0.8326600790023804, 8.591138612246141e-05, 2.0328841856098734e-05]
[0.9714787006378174, 0.6461969017982483, 0.11658675223588943, 0.1163439229130745, 9.61404584813863e-05, 2.0723418856505305e-05]
[0.7179091572761536, 0.4086611270904541, 0.054933637380599976, 0.521701455116272, 0.02904103323817253, 0.008116723038256168]
[0.010951196774840355, 0.7768780589103699, 0.3321778476238251, 0.8030238747596741, 0.00253109447658062, 1.8145535705116345e-06]
[0.007455084472894669, 0.9863634705543518, 0.006765325088053942, 0.006878019776195288, 0.0011119949631392956, 6.617382314288989e-05]
[0.24260975420475006, 0.11884339898824692, 0.34777405858039856, 0.005877969320863485, 0.004123874474316835, 0.0013422390911728144]
[0.5781568288803101, 0.43214860558509827, 0.07979519665241241, 0.25781622529029846, 0.04097713530063629, 0.08866402506828308]
[0.1939738392829895, 0.18383337557315826, 0.03550586476922035, 0.10064470022916794, 0.014211606234312057, 0.10646430402994156]
[0.43653956055641174, 0.47258490324020386, 0.09926234930753708, 0.1505555808544159, 0.048979464918375015, 0.016849171370267868]
[0.09148021787405014, 0.05058598890900612, 0.20152699947357178, 0.07112213969230652, 0.7512259483337402, 0.008153803646564484]
[0.21392607688903809, 0.6905720233917236, 0.0805945172905922, 0.2292342185974121, 0.09788814187049866, 0.01678161881864071]
[0.8453572988510132, 0.020767055451869965, 0.04799560829997063, 0.0462033748626709, 0.19385842978954315, 0.00290293269790709]
[0.8200810551643372, 0.03571399673819542, 0.03802913427352905, 0.07142795622348785, 0.03044341318309307, 0.007906969636678696]
[0.31381699442863464, 0.0076666478998959064, 0.5618202686309814, 0.9871020913124084, 0.0006193508743308485, 3.651637234725058e-05]
[0.017459196969866753, 0.3532262146472931, 0.9585564136505127, 0.05428706109523773, 0.0013516189064830542, 0.00011375451140338555]
[0.0020751128904521465, 0.012245104648172855, 0.9897106289863586, 0.8665582537651062, 0.00013261611456982791, 4.900475687463768e-07]
[0.9975866079330444, 0.03266172856092453, 0.017082002013921738, 0.09136182814836502, 0.0054547484032809734, 0.002428788458928466]
[0.0018451657379046082, 0.9998998641967773, 0.035429708659648895, 0.007411484606564045, 6.13462325418368e-05, 1.859686449279252e-06]
[0.19096039235591888, 0.7398194074630737, 0.03535395488142967, 0.12967802584171295, 0.012327794916927814, 0.04247022420167923]
[0.32939639687538147, 0.009344132617115974, 0.10012894123792648, 0.8379266858100891, 0.0004469290724955499, 0.00016995324403978884]
[0.02648341655731201, 0.7051133513450623, 0.01672264002263546, 0.0028489234391599894, 0.0022883573547005653, 5.1535212151065934e-06]
[0.7552013397216797, 0.7665039896965027, 0.025556720793247223, 0.3832560181617737, 0.004701863508671522, 0.01190570741891861]
[0.8839213252067566, 0.06264811009168625, 0.03534355014562607, 0.03267673775553703, 0.03072756715118885, 0.023271668702363968]
[0.9522557854652405, 0.03977401927113533, 0.08499270677566528, 0.14435932040214539, 0.0022704557050019503, 0.0029662479646503925]
[0.9504141211509705, 0.0350690595805645, 0.016290415078401566, 0.4853883683681488, 0.0010764335747808218, 0.00504191592335701]
[0.14256933331489563, 0.016815263777971268, 0.11273837089538574, 0.08772595226764679, 0.012321457266807556, 0.03356533497571945]
[0.4349708557128906, 0.5240243673324585, 0.037227872759103775, 0.050042688846588135, 0.05355554074048996, 0.0015256672631949186]
[0.9994322657585144, 0.0762210488319397, 0.1738024801015854, 0.024318309500813484, 0.06020351126790047, 0.0022295478265732527]
[0.9999958276748657, 0.23589149117469788, 0.02958209067583084, 0.02520919032394886, 0.0018210876733064651, 0.00018799610552378]
[0.399160236120224, 0.00777821708470583, 0.11282947659492493, 0.9987926483154297, 4.191494008409791e-05, 1.201693294206052e-06]
[0.21859164535999298, 0.28713205456733704, 0.8474758267402649, 0.05737902596592903, 0.004778631497174501, 0.0014760511694476008]
[0.9999239444732666, 0.01286563090980053, 0.03241635113954544, 0.0015540259191766381, 0.006742466706782579, 0.00036746656405739486]
[0.3281586468219757, 0.30960187315940857, 0.01598174497485161, 0.7130773067474365, 0.0018627421231940389, 0.006223114673048258]
[0.5328947305679321, 0.09058995544910431, 0.12975084781646729, 0.298503577709198, 0.005653176456689835, 0.0039928508922457695]
[0.5121045708656311, 0.8003473877906799, 0.02170892059803009, 0.017178472131490707, 0.002727856859564781, 0.003229233669117093]
[0.023870928213000298, 0.026356149464845657, 0.4982740581035614, 0.005225679837167263, 0.003938846290111542, 0.0006185052916407585]
[0.9984346032142639, 0.07983683049678802, 0.03100433386862278, 0.0367976538836956, 0.008896185085177422, 0.002652094466611743]
[0.6627004146575928, 0.0019890288822352886, 0.0731062963604927, 0.9555940628051758, 0.00010079047933686525, 2.5890383767546155e-05]
[0.9979411959648132, 0.01361149176955223, 0.0028642970137298107, 0.027604354545474052, 0.0003607994585763663, 4.611573967849836e-05]
[0.9587701559066772, 0.07245063036680222, 0.009110312908887863, 0.026872865855693817, 0.0036324558313935995, 0.003928723279386759]
[0.8691168427467346, 0.7276572585105896, 0.061003103852272034, 0.07906488329172134, 0.08287529647350311, 0.010450947098433971]
[0.19702769815921783, 0.005648985970765352, 0.9658272862434387, 0.04770869016647339, 0.00121902150567621, 0.0005038862000219524]
[0.9016243815422058, 0.014797289855778217, 0.5986823439598083, 0.008932617492973804, 0.16725851595401764, 5.2441861043917015e-05]
[0.9981896281242371, 0.09444696456193924, 0.882332980632782, 0.012205131351947784, 0.0010388705413788557, 2.2425234419642948e-05]
[0.9153361320495605, 0.8019266128540039, 0.15947146713733673, 0.30970150232315063, 0.10197699815034866, 0.001699895248748362]
[0.22426459193229675, 0.5658184885978699, 0.30179324746131897, 0.05812740698456764, 0.022124117240309715, 0.01496339775621891]
[0.6872244477272034, 0.007885700091719627, 0.03813290596008301, 0.023785807192325592, 0.2848842442035675, 4.931896910420619e-05]
[0.9992026686668396, 0.021600911393761635, 0.13167549669742584, 0.04563036188483238, 0.003508047666400671, 0.00011125156743219122]
[0.9995606541633606, 0.02409437671303749, 0.015292806550860405, 0.001212998991832137, 0.0016353358514606953, 0.002117797499522567]
[0.9838936924934387, 0.013539623469114304, 0.10030035674571991, 0.0029014854226261377, 0.000268729985691607, 0.0003168408293277025]
[0.2687353491783142, 0.22466373443603516, 0.008883186616003513, 0.00999933760613203, 0.004428127780556679, 0.009296806529164314]
[0.9916421175003052, 0.020102184265851974, 0.012927820906043053, 0.006175429560244083, 0.0023111863993108273, 0.0021736989729106426]
[0.9344191551208496, 0.06586094945669174, 0.0018033586675301194, 0.6357516050338745, 0.00013804726768285036, 0.0004750192747451365]
[0.9717648029327393, 0.0007085404940880835, 0.0005500891711562872, 0.003274807706475258, 0.00023234674881678075, 0.00019702846475411206]
[0.976470947265625, 0.4229887127876282, 0.014501133002340794, 0.7547832131385803, 0.0007203312125056982, 3.969593672081828e-05]
[0.9934276342391968, 0.0097052538767457, 0.0690511092543602, 0.011022450402379036, 0.010330663062632084, 0.0007906819228082895]
[0.8083431124687195, 0.11658108979463577, 0.058403268456459045, 0.11504098027944565, 0.0037642335519194603, 0.0030652261339128017]
[0.026423616334795952, 0.9892333745956421, 0.15592066943645477, 0.010580627247691154, 0.003787068882957101, 1.7865844711195678e-05]
[0.17395949363708496, 0.006614477839320898, 0.11163631081581116, 0.3872591555118561, 0.0014559437986463308, 0.0009236143087036908]
[0.1720370203256607, 0.054966043680906296, 0.048071276396512985, 0.03366323187947273, 0.02663731575012207, 0.05469157546758652]
[0.9983648657798767, 0.09842953830957413, 0.041325077414512634, 0.5099374055862427, 0.0012853764928877354, 0.00011375103349564597]
[0.0041004568338394165, 0.9994567036628723, 0.0003076140128541738, 0.0010397661244496703, 7.027013452898245e-06, 5.988565021652903e-08]
[0.29595181345939636, 0.7446550726890564, 0.13152135908603668, 0.030608750879764557, 0.003896787529811263, 0.0029372915159910917]
[0.9999091625213623, 0.018406754359602928, 0.008752393536269665, 0.14987356960773468, 0.0007102370727807283, 0.00029844659729860723]
[0.16199617087841034, 0.3409827649593353, 0.025381412357091904, 0.12375922501087189, 0.01197967492043972, 0.05436801537871361]
[0.9999579191207886, 0.0033524157479405403, 0.026877379044890404, 0.00032384501537308097, 0.0002926169545389712, 8.743999728721974e-07]
[0.9999884366989136, 0.005024049896746874, 0.018926503136754036, 0.0012590033002197742, 0.0004627519811037928, 2.412737740087323e-05]
[0.036286212503910065, 0.010445845313370228, 0.9824305772781372, 0.03251781687140465, 0.001747128670103848, 0.00176430179271847]
[0.6895816922187805, 0.8947410583496094, 0.053350288420915604, 0.12307287752628326, 0.000781641632784158, 0.00027789740124717355]
[0.13862097263336182, 0.5800809264183044, 0.02799277752637863, 0.01954878307878971, 0.0019581152591854334, 0.004935518838465214]
[0.03599892184138298, 0.03518114611506462, 0.019163034856319427, 0.8754560947418213, 0.009979518130421638, 0.004185951314866543]
[0.9996505975723267, 0.045436929911375046, 0.8367065191268921, 0.002402746817097068, 0.001136678853072226, 4.396175791043788e-05]
[0.6736319661140442, 0.6799516677856445, 0.41949647665023804, 0.002781615359708667, 0.0023919539526104927, 8.524600616510725e-07]
[0.9999134540557861, 0.027761591598391533, 0.013260229490697384, 0.11995910853147507, 0.0009615115122869611, 2.6557876481092535e-05]
[0.00046856363769620657, 0.9995682835578918, 0.002837185515090823, 0.013425740413367748, 8.384302782360464e-05, 6.580251010745997e-08]
[0.0006289230659604073, 0.999873161315918, 0.0002870543394237757, 0.0022052095737308264, 1.4583366464648861e-05, 2.092302366918375e-07]
[0.5458493232727051, 0.011637622490525246, 0.02812940813601017, 0.9336881041526794, 0.00017195133841596544, 0.00010558914073044434]
[0.37274351716041565, 0.2652323544025421, 0.0037747230380773544, 0.4287606179714203, 0.0008572318474762142, 0.005135190207511187]
[0.999390721321106, 0.859289824962616, 0.2212079018354416, 0.8220424056053162, 0.0004018564650323242, 8.767137842369266e-07]
[0.8787306547164917, 0.022270267829298973, 0.019286515191197395, 0.27781549096107483, 0.04177040606737137, 9.707688877824694e-05]
[0.9419685006141663, 0.24774160981178284, 0.006581342313438654, 0.022763408720493317, 0.0021524245385080576, 0.006024401169270277]
[0.9997804760932922, 0.039307430386543274, 0.02015506476163864, 0.014124412089586258, 0.010918345302343369, 0.00047687077312730253]
[0.1296423226594925, 0.9069570302963257, 0.05181213095784187, 0.007178067695349455, 0.009424217976629734, 0.00010934726014966145]
[0.9111063480377197, 0.03699219599366188, 0.014453203417360783, 0.05729345604777336, 0.006059370934963226, 0.012069694697856903]
[0.0021426924504339695, 0.0713094174861908, 0.0221595149487257, 0.003875092603266239, 0.999573290348053, 6.236750493826548e-08]
[0.9687365889549255, 0.5831227898597717, 0.006749053951352835, 0.014870792627334595, 0.002718679141253233, 0.0028598771896213293]
[0.1436740905046463, 0.026587214320898056, 0.07890532910823822, 0.06055900454521179, 0.10035917162895203, 0.005669123027473688]
[0.9821639060974121, 0.010364821180701256, 0.027789901942014694, 0.016225911676883698, 0.5474375486373901, 0.0007012519054114819]
[0.0546664334833622, 0.9995444416999817, 0.0019880873151123524, 0.03797643631696701, 0.0001077495253412053, 1.2272598723939154e-05]
[0.03788172826170921, 0.990667998790741, 0.022886129096150398, 0.043070580810308456, 0.0007164959097281098, 0.0002902676642406732]
[0.999321699142456, 0.045890338718891144, 0.01473437249660492, 0.08238933235406876, 0.0014515877701342106, 0.0012797395465895534]
[0.9801117777824402, 0.002740797121077776, 0.055341318249702454, 0.9843414425849915, 0.00013653548376169056, 8.636554412078112e-06]
[0.004363135900348425, 0.7416501045227051, 0.2704448401927948, 0.021889647468924522, 0.015166646800935268, 0.0011025407584384084]
[0.8287112712860107, 0.033466581255197525, 0.5451180934906006, 0.2976599335670471, 0.0010472898138687015, 0.0007094208849593997]
[0.15366534888744354, 0.013451660983264446, 0.023115279152989388, 0.014944867230951786, 0.6665986180305481, 0.000765605247579515]
[0.9553089737892151, 0.12140568345785141, 0.010647682473063469, 0.5604444146156311, 0.00011188947974005714, 2.9925004128017463e-05]
[0.48901623487472534, 0.042744748294353485, 0.020999090746045113, 0.08077564090490341, 0.0184063371270895, 0.046801816672086716]
[0.04247511923313141, 0.06274496763944626, 0.034445617347955704, 0.9995198249816895, 0.0007032922003418207, 0.0004062982043251395]
[0.9992650151252747, 0.2947176992893219, 0.0009736606734804809, 0.00030690510175190866, 0.0011765474919229746, 1.2885139710760996e-07]
[0.9997149109840393, 0.11294680833816528, 0.031149333342909813, 0.03191255033016205, 0.000655274314340204, 0.00022331668878905475]
[0.40319517254829407, 0.09519024193286896, 0.028094572946429253, 0.0409654825925827, 0.002262828405946493, 0.005615473259240389]
[0.6946973204612732, 0.28257492184638977, 0.025620508939027786, 0.015615264885127544, 0.22361315786838531, 0.003154028905555606]
[0.23684380948543549, 0.01967686414718628, 0.16387662291526794, 0.10210411995649338, 0.002276933053508401, 0.0032329808454960585]
[0.005159911699593067, 0.9984377026557922, 0.2313193678855896, 0.09995374083518982, 0.000656142074149102, 6.196723552420735e-05]
[0.002783879404887557, 0.0040611750446259975, 0.3183760643005371, 0.9954243302345276, 0.0001457498292438686, 3.745198773685843e-05]
[0.9997435212135315, 0.03544822707772255, 0.9524257779121399, 0.15590398013591766, 0.0004187860758975148, 2.240667072328506e-06]
[0.9819297194480896, 0.9309905171394348, 0.0607476569712162, 0.041288867592811584, 0.0014935951912775636, 4.520996981227654e-07]
[0.9995574355125427, 0.9926230907440186, 0.0361584834754467, 0.01626051776111126, 0.0012951387325301766, 1.4911892321833875e-05]
[0.05550438538193703, 0.016908936202526093, 0.007696652319282293, 0.9948819875717163, 9.910433436743915e-05, 0.00029665319016203284]
[0.027539432048797607, 0.9933252334594727, 0.00350931822322309, 0.003868479747325182, 0.0009651216678321362, 3.218380152247846e-05]
[0.5384079217910767, 0.9031656384468079, 0.000842296693008393, 0.10231272131204605, 2.1580844986601733e-05, 7.0143996708793566e-06]
[0.9376518130302429, 0.6342307925224304, 0.014160453341901302, 0.04928796365857124, 0.038915395736694336, 0.00024891263456083834]
[0.2767128348350525, 0.9650501012802124, 0.023365845903754234, 0.08215601742267609, 0.006052474025636911, 0.0025486978702247143]
[0.8366215229034424, 0.008640782907605171, 0.13967125117778778, 0.1807977855205536, 0.003522914368659258, 0.0004264815943315625]
[0.07375363260507584, 0.15089066326618195, 0.028633350506424904, 0.995164155960083, 0.0032426330726593733, 0.004337717313319445]
[0.9229199886322021, 0.6838127970695496, 0.02296336181461811, 0.7302404642105103, 0.004960084334015846, 0.00020299006428103894]
[0.14343394339084625, 0.9990490078926086, 0.0032232210505753756, 0.015312228351831436, 0.00026478234212845564, 3.32574600179214e-05]
[0.9979434609413147, 0.9997296929359436, 0.5410158038139343, 0.05670943111181259, 8.649750088807195e-05, 2.9824488478880085e-07]
[0.08861285448074341, 0.4557967483997345, 0.02427646517753601, 0.9644975066184998, 0.0004129449080210179, 0.0009300364181399345]
[0.9850860834121704, 0.0219917930662632, 0.006687663495540619, 0.002596858888864517, 0.006336573511362076, 0.0031015570275485516]
[0.9757094383239746, 0.03534875810146332, 0.10311916470527649, 0.15135951340198517, 0.028064660727977753, 0.014868788421154022]
[0.9989433884620667, 0.009101467207074165, 0.18822868168354034, 0.028765249997377396, 0.0017271593678742647, 0.00026493382756598294]
[0.9993506073951721, 0.0029171656351536512, 0.001005743513815105, 0.0025961613282561302, 0.0007271403446793556, 0.00016850086103659123]
[0.00144292286131531, 0.9998214840888977, 0.002891408745199442, 0.0072416095063090324, 0.00021050938812550157, 2.7478909032652155e-06]
[0.9934847950935364, 0.10057991743087769, 0.00608901446685195, 0.009209269657731056, 0.0027859860565513372, 0.004593266174197197]
[0.9576643109321594, 0.7019784450531006, 0.002022352535277605, 0.0009933297988027334, 0.0004935066681355238, 0.00032157846726477146]
[0.27041882276535034, 0.34802064299583435, 0.02917623706161976, 0.03328242525458336, 0.05922604352235794, 0.020389562472701073]
[0.11392700672149658, 0.09132099151611328, 0.06242385879158974, 0.19278442859649658, 0.011440164409577847, 0.037757307291030884]
[0.9997356534004211, 0.01719464547932148, 0.005067962221801281, 0.010175462812185287, 0.0006828665500506759, 0.0006239747162908316]
[0.978586733341217, 0.008975532837212086, 0.0010308831697329879, 0.4228288531303406, 0.0001613944477867335, 0.00013393153494689614]
[0.001313600572757423, 0.002147998660802841, 0.022379256784915924, 0.998467743396759, 0.0002728574036154896, 9.368414612254128e-05]
[0.9964815378189087, 0.6844278573989868, 0.021396586671471596, 0.039244651794433594, 0.0009596207528375089, 0.0005851440946571529]
[0.9850388765335083, 0.043534472584724426, 0.005208718124777079, 0.006394462194293737, 0.002260451437905431, 0.004117162898182869]
[0.6575213074684143, 0.34755122661590576, 0.19731199741363525, 0.06720361858606339, 0.010116229765117168, 0.014311878010630608]
[0.010498092509806156, 0.9872211813926697, 0.06310106068849564, 0.027424078434705734, 0.0024060362484306097, 0.00043301269761286676]
[0.8687264919281006, 0.1814076155424118, 0.09534724801778793, 0.2257525473833084, 0.2174530029296875, 0.022029222920536995]
[0.0036179430317133665, 0.43655315041542053, 0.2931092381477356, 0.028009384870529175, 0.017427919432520866, 0.00028921960620209575]
[0.9351052045822144, 0.9524252414703369, 0.01804319955408573, 0.8427847027778625, 0.00012213755690027028, 3.7279119169397745e-06]
[0.9996786117553711, 0.1382397562265396, 0.05454448610544205, 0.00518773403018713, 0.028132028877735138, 0.00018654156883712858]
[0.02749827317893505, 0.9824348092079163, 0.041209250688552856, 0.007174180820584297, 0.0006425424944609404, 0.00017738094902597368]
[0.38761457800865173, 0.29263755679130554, 0.06377099454402924, 0.5153844952583313, 0.0203805360943079, 0.10640094429254532]
[0.9538620114326477, 0.04120099917054176, 0.009448939003050327, 0.03708803281188011, 0.0036213083658367395, 0.006177826784551144]
[0.9970876574516296, 0.003059141105040908, 0.0021814238280057907, 0.0021046174224466085, 0.001059928210452199, 0.0011784632224589586]
[0.01543251983821392, 0.019112948328256607, 0.008805143646895885, 0.9999116659164429, 4.881484346697107e-05, 0.00019367503409739584]
[0.5266660451889038, 0.21582210063934326, 0.07502502202987671, 0.5630814433097839, 0.031108856201171875, 0.08040142804384232]
[0.9460195302963257, 0.01824640855193138, 0.0035119736567139626, 0.023197421804070473, 0.0006946271168999374, 0.005957309156656265]
[0.9967721104621887, 0.1115913838148117, 0.017059743404388428, 0.15809834003448486, 0.007652505300939083, 0.0008173041278496385]
[0.003231293987482786, 0.011043761856853962, 0.22983373701572418, 0.9993209838867188, 6.656737241428345e-05, 4.031599382869899e-05]
[0.47522515058517456, 0.05084453150629997, 0.17771956324577332, 0.9818997383117676, 8.69264840730466e-05, 3.976739662903128e-06]
[0.053946349769830704, 0.04231579974293709, 0.9929556846618652, 0.5212860703468323, 0.00273521663621068, 0.0016494154697284102]
[0.9302119612693787, 0.044240761548280716, 0.10644756257534027, 0.0024850175250321627, 0.00019062422506976873, 2.0805795429623686e-05]
[0.8079811334609985, 0.003861077595502138, 0.12346482276916504, 0.01087686326354742, 0.0006942333420738578, 0.00026296087889932096]
[0.9966103434562683, 0.025296850129961967, 0.010747885331511497, 0.023086048662662506, 0.002279434585943818, 0.002256080973893404]
[0.35256722569465637, 0.9452233910560608, 0.09229350090026855, 0.001652946462854743, 0.001795783406123519, 2.894818464937998e-07]
[0.9999637603759766, 0.001500096870586276, 0.024226516485214233, 0.0016436527948826551, 0.003671061247587204, 0.00014574119995813817]
[0.3004966676235199, 0.8657872080802917, 0.14039404690265656, 0.1252700686454773, 0.0026148143224418163, 0.0017272562254220247]
[0.9999288320541382, 0.016884271055459976, 0.061930980533361435, 0.02512791007757187, 0.0016340938163921237, 3.606271275202744e-05]
[0.9991971850395203, 0.05004501715302467, 0.049045417457818985, 0.9987418055534363, 0.00021883381123188883, 1.0873729934246512e-06]
[0.8256828188896179, 0.016444629058241844, 0.0019294857047498226, 0.06463869661092758, 0.00010513260349398479, 0.0019217492081224918]
[0.22715511918067932, 0.019932826980948448, 0.02300102449953556, 0.03801170364022255, 0.029625166207551956, 0.011754566803574562]
[0.9998019337654114, 0.9978731870651245, 0.06344527751207352, 0.03566482290625572, 0.0007145068957470357, 3.0415383207582636e-06]
[0.9959684610366821, 0.05191885679960251, 0.007743693422526121, 0.018604716286063194, 0.0012855324894189835, 0.001512975781224668]
[0.04430747404694557, 0.6801342964172363, 0.01411544531583786, 0.0415620431303978, 0.009958871640264988, 0.0015382510609924793]
[0.017412982881069183, 0.9990788698196411, 0.1901797652244568, 0.0040472932159900665, 9.077140566660091e-05, 6.454346021200763e-06]
[0.9989253878593445, 0.2280542254447937, 0.1791280061006546, 0.046169113367795944, 0.017141342163085938, 0.001642841612920165]
[0.4539177417755127, 0.8373777866363525, 0.6607437133789062, 0.042116131633520126, 0.003023081459105015, 0.0002390501176705584]
[0.9996775388717651, 0.05807769298553467, 0.502663254737854, 0.09920526295900345, 0.012519351206719875, 0.0006328204763121903]
[0.9360913038253784, 0.5684146881103516, 0.04141812026500702, 0.021435273811221123, 0.028855569660663605, 0.013358579017221928]
[0.9501739740371704, 0.13007435202598572, 0.012398950755596161, 0.005525076296180487, 0.001272315508686006, 0.011475177481770515]
[0.5566099286079407, 0.7672857642173767, 0.02703792415559292, 0.0772102102637291, 0.00985559169203043, 0.01837102696299553]
[0.9355025887489319, 0.016338825225830078, 0.023250024765729904, 0.29367712140083313, 0.016085227951407433, 0.00044089826405979693]
[0.9951356053352356, 0.03807668015360832, 0.01589616946876049, 0.003080209717154503, 0.0020313661079853773, 0.0022666696459054947]
[0.034225113689899445, 0.25619274377822876, 0.3212202787399292, 0.02056213840842247, 0.15546433627605438, 0.0026237184647470713]
[0.8192955851554871, 0.03797372803092003, 0.01135064847767353, 0.47524917125701904, 0.0013599718222394586, 0.0035686111077666283]
[0.097063809633255, 0.4854263365268707, 0.04539335146546364, 0.029362091794610023, 0.007928252220153809, 0.007691133301705122]
[0.9730473160743713, 0.08872506022453308, 0.03209191560745239, 0.05956412851810455, 0.007452970836311579, 0.007975210435688496]
[0.837624192237854, 0.269968181848526, 0.01683412306010723, 0.018958773463964462, 0.003262230893597007, 0.023049019277095795]
[0.08257202059030533, 0.9993914365768433, 0.003083060495555401, 0.007281801197677851, 0.00010362866305513307, 3.1531246349914e-05]
[0.8713827133178711, 0.2642819881439209, 0.043200064450502396, 0.021567918360233307, 0.034766148775815964, 0.04321925714612007]
[0.40000441670417786, 0.9999125003814697, 0.001970058074221015, 0.0043220301158726215, 3.5580404073698446e-05, 3.788502363022417e-05]
[0.46519285440444946, 0.9774341583251953, 0.01826521009206772, 0.010782161727547646, 0.003193354234099388, 0.005241777282208204]
[0.00041699843131937087, 0.7307685017585754, 0.018015213310718536, 0.0010230746120214462, 2.1221932911430486e-05, 2.3793998025212204e-06]
[0.4245382249355316, 0.023852869868278503, 0.44731438159942627, 0.006132959853857756, 0.0012405171291902661, 0.0017836448969319463]
[0.9356957674026489, 0.13851423561573029, 0.16158056259155273, 0.06627974659204483, 0.005421741865575314, 0.007174466736614704]
[0.7332315444946289, 0.062584787607193, 0.016965432092547417, 0.021512020379304886, 0.007137421052902937, 0.025735313072800636]
[0.08931075036525726, 0.999001681804657, 0.005039866082370281, 0.0011766741517931223, 0.00033126064226962626, 1.8114869817509316e-05]
[0.9993082284927368, 0.5129189491271973, 0.0745794028043747, 0.01218130812048912, 0.012716474942862988, 0.0019772208761423826]
[0.9318529963493347, 0.4507061541080475, 0.12089656293392181, 0.027435926720499992, 0.03461088612675667, 0.00015374495706055313]
[0.9872056245803833, 0.19613038003444672, 0.0123274065554142, 0.011304114945232868, 0.004525636322796345, 0.0022308931220322847]
[0.24014288187026978, 0.31589868664741516, 0.04028628021478653, 0.03801016882061958, 0.05554409697651863, 0.02331767976284027]
[0.8645817637443542, 0.4170955717563629, 0.17800509929656982, 0.01727585680782795, 0.0037349588237702847, 0.0038501862436532974]
[0.5009315609931946, 0.445695698261261, 0.11577358096837997, 0.12853723764419556, 0.04697152599692345, 0.010731324553489685]
[0.04516083747148514, 0.9996471405029297, 0.009340562857687473, 0.004701338708400726, 0.0002654025738593191, 3.123159331153147e-05]
[0.3231469988822937, 0.27150416374206543, 0.056989237666130066, 0.0646103173494339, 0.018531987443566322, 0.11877820640802383]
[0.9773245453834534, 0.6086934208869934, 0.03633185476064682, 0.030328311026096344, 0.006665204651653767, 0.012955926358699799]
[0.03509675711393356, 0.9981470108032227, 0.004491675645112991, 0.01878519542515278, 0.0003416489053051919, 0.00016234599752351642]
[0.7259063720703125, 0.2623036503791809, 0.006002110429108143, 0.0033797607757151127, 0.0014224713668227196, 0.0019435012945905328]
[0.9999020099639893, 0.06027669459581375, 0.005924500059336424, 0.011166193522512913, 0.0014386537950485945, 9.451452206121758e-05]
[0.7430950403213501, 0.20010250806808472, 0.03436365723609924, 0.06519708782434464, 0.014547004364430904, 0.03520635887980461]
[0.9989527463912964, 0.9940682649612427, 0.035456132143735886, 0.011989735998213291, 0.0011380624491721392, 2.5101737264776602e-05]
[0.4474260210990906, 0.9272304177284241, 0.004051250871270895, 0.36136484146118164, 0.00010016538726631552, 2.6236118628730765e-06]
[0.04400613158941269, 0.9590325951576233, 0.08353611081838608, 0.006470389664173126, 0.0002860274398699403, 7.342975732171908e-05]
[0.3338242471218109, 0.3198978006839752, 0.7539893388748169, 0.018497155979275703, 0.001611505402252078, 0.0031139012426137924]
[0.2756313979625702, 0.3828924596309662, 0.02963283471763134, 0.011345854960381985, 0.0046582529321312904, 0.01151595264673233]
[0.7269614338874817, 0.4556507170200348, 0.06599093973636627, 0.031971145421266556, 0.42515769600868225, 0.0014346225652843714]
[0.6802679300308228, 0.30537158250808716, 0.02659524418413639, 0.07470861077308655, 0.009655472822487354, 0.04085459187626839]
[0.0661325678229332, 0.6177939772605896, 0.024974031373858452, 0.8193084001541138, 0.0005773261073045433, 0.0006572516867890954]
[0.06885341554880142, 0.9023052453994751, 0.14327463507652283, 0.05824648216366768, 0.016016727313399315, 0.01565656252205372]
[0.9671998023986816, 0.2613770067691803, 0.005974533502012491, 0.14451302587985992, 0.0006358980899676681, 0.0005483077839016914]
[0.9208075404167175, 0.2725255787372589, 0.0490906722843647, 0.6932699680328369, 0.022527631372213364, 0.005941522773355246]
[0.758414626121521, 0.932328999042511, 0.09161799401044846, 0.018467754125595093, 0.004356068093329668, 2.5062414351850748e-05]
[0.996841549873352, 0.5088891386985779, 0.02509376034140587, 0.028715670108795166, 0.00607004389166832, 0.007764869835227728]
[0.9989457726478577, 0.049916718155145645, 0.030485235154628754, 0.013428754173219204, 0.024387208744883537, 0.0032154188957065344]
[0.6782845258712769, 0.9019115567207336, 0.23764212429523468, 0.03281093388795853, 0.032522838562726974, 0.0001306993653997779]
[0.8749105930328369, 0.13493022322654724, 0.028512129560112953, 0.01671580597758293, 0.17264516651630402, 0.003741426393389702]
[0.995508074760437, 0.012110935524106026, 0.6977651715278625, 0.0035269777290523052, 0.013410237617790699, 0.0002455382200423628]
[0.187625452876091, 0.9030872583389282, 0.02487623319029808, 0.016587164252996445, 0.007471300661563873, 0.005315610207617283]
[0.22456251084804535, 0.14614237844944, 0.08549274504184723, 0.3208581507205963, 0.021553196012973785, 0.07778966426849365]
[0.9905127882957458, 0.6225960850715637, 0.01323075033724308, 0.05796414241194725, 0.004129067063331604, 0.0002310662966920063]
[0.6839945316314697, 0.12697936594486237, 0.014809592626988888, 0.9384661316871643, 0.0005701792542822659, 0.001057466259226203]
[0.9963816404342651, 0.8855018615722656, 0.663200318813324, 0.08426520973443985, 0.006453319452702999, 6.937415309948847e-05]
[0.9079739451408386, 0.0323154591023922, 0.09036906808614731, 0.9252731800079346, 0.0005000621895305812, 0.000610598421189934]
[0.0037242237012833357, 0.9994489550590515, 0.001240225275978446, 0.004719260614365339, 6.992815906414762e-05, 4.870666089118458e-06]
[0.9507780075073242, 0.19722352921962738, 0.04908116161823273, 0.04070283845067024, 0.022737804800271988, 0.05561210215091705]
[0.07984613627195358, 0.9402873516082764, 0.02232086844742298, 0.05639459937810898, 0.008240199647843838, 0.0010854986030608416]
[0.2949100434780121, 0.909363865852356, 0.21249161660671234, 0.13245482742786407, 0.1825202852487564, 0.008341893553733826]
[0.0037508797831833363, 0.9990992546081543, 0.013438770547509193, 0.002011721022427082, 0.00020883031538687646, 2.424275407975074e-06]
[0.8187481760978699, 0.9254918098449707, 0.174260213971138, 0.12579019367694855, 0.006284503731876612, 0.00350820436142385]
[0.25144529342651367, 0.8228984475135803, 0.11487990617752075, 0.0788441002368927, 0.0076085045002400875, 0.001011272077448666]
[0.783259928226471, 0.8573175668716431, 0.011586478911340237, 0.10041575133800507, 0.001098832581192255, 0.0005038732197135687]
[0.6563260555267334, 0.9837726950645447, 0.009136327542364597, 0.016539379954338074, 0.0010198336094617844, 0.0007388621452264488]
[0.9478229880332947, 0.6581479907035828, 0.019309133291244507, 0.22485224902629852, 0.0015623093349859118, 0.00986841507256031]
[0.8495766520500183, 0.6530646681785583, 0.1499595195055008, 0.2529033422470093, 0.007610711734741926, 0.0029036810155957937]
[0.009749979712069035, 0.9734328389167786, 0.031711697578430176, 0.03773350268602371, 0.0020660727750509977, 0.00010943133383989334]
[0.8370612859725952, 0.5559068918228149, 0.029666803777217865, 0.016832448542118073, 0.004563834518194199, 0.05238201841711998]
[0.5790875554084778, 0.9471326470375061, 0.006416102405637503, 0.021113894879817963, 0.0002841601090040058, 0.0016992090968415141]
[0.49689576029777527, 0.3488856554031372, 0.030993619933724403, 0.023843839764595032, 0.02013492025434971, 0.04044204205274582]
[0.9392311573028564, 0.8623781800270081, 0.06074327975511551, 0.07089163362979889, 0.2648232877254486, 0.00039391659083776176]
[0.9790660738945007, 0.3663063049316406, 0.525874137878418, 0.12274443358182907, 0.05931086465716362, 0.0004903242806904018]
[0.19560904800891876, 0.6333289742469788, 0.1171494871377945, 0.1126498356461525, 0.5778101682662964, 0.004084964748471975]
[0.9594566226005554, 0.025288470089435577, 0.017219385132193565, 0.012637568637728691, 0.05630246177315712, 0.007362144533544779]
[0.9938418865203857, 0.04865166172385216, 0.028559865429997444, 0.024616677314043045, 0.012639841996133327, 0.006199796684086323]
[0.6583763957023621, 0.5444210767745972, 0.06985458731651306, 0.10356824100017548, 0.05280176177620888, 0.0211266428232193]
[0.04964001849293709, 0.99996018409729, 0.007226521614938974, 0.012285369448363781, 0.0014127915492281318, 6.110049980634358e-06]
[0.9502851366996765, 0.9262371063232422, 0.08097466826438904, 0.011854756623506546, 0.03308059275150299, 0.00018212558643426746]
[0.999942421913147, 0.010838157497346401, 0.0048897285014390945, 0.010297880508005619, 0.004258261062204838, 0.00031194803887046874]
[0.4240659475326538, 0.21701587736606598, 0.5939764976501465, 0.1943659484386444, 0.06498268246650696, 0.018876949325203896]
[0.9131617546081543, 0.3117200434207916, 0.21307799220085144, 0.10088597238063812, 0.1967594176530838, 0.026722537353634834]
[0.9630131125450134, 0.5924350023269653, 0.12069917470216751, 0.04918193817138672, 0.04675178974866867, 0.012754418887197971]
[0.243966743350029, 0.27564191818237305, 0.053568728268146515, 0.0413321815431118, 0.11053226888179779, 0.02282894216477871]
[0.9704064726829529, 0.02001546137034893, 0.01946140080690384, 0.12104719132184982, 0.00433152262121439, 0.005073300562798977]
[0.29976847767829895, 0.03608420863747597, 0.767547070980072, 0.012776798568665981, 0.004002752248197794, 0.002933331998065114]
[0.9662409424781799, 0.11100432276725769, 0.4895226061344147, 0.6848836541175842, 0.003975691739469767, 1.4910186109773349e-05]
[0.5599848628044128, 0.9857959747314453, 0.6639844179153442, 0.3554174304008484, 0.03492184355854988, 5.9062163018097635e-06]
[0.9934874773025513, 0.10673057287931442, 0.02010633610188961, 0.007998664863407612, 0.02279754728078842, 0.006362277548760176]
[0.8676276206970215, 0.006628209259361029, 0.18397846817970276, 0.014113619923591614, 0.5425997972488403, 7.362208270933479e-05]
[0.9997898936271667, 0.027752481400966644, 0.026671376079320908, 0.006964860484004021, 0.0056597525253891945, 0.0013890821719542146]
[0.655727207660675, 0.8453444242477417, 0.13862726092338562, 0.013155076652765274, 0.08309109508991241, 0.00016812130343168974]
[0.36763522028923035, 0.9584566354751587, 0.07677619159221649, 0.010441537946462631, 0.0053758383728563786, 6.731937173753977e-05]
[0.6721770763397217, 0.9682572484016418, 0.09629759192466736, 0.0968748927116394, 0.033722810447216034, 0.003332486841827631]
[0.9999834299087524, 0.010502660647034645, 0.03983417898416519, 0.0018530928064137697, 0.001988885225728154, 3.481230669422075e-05]
[0.9928669929504395, 0.12249734997749329, 0.049585968255996704, 0.06426044553518295, 0.06717805564403534, 0.011256405152380466]
[0.9988088607788086, 0.004287100397050381, 0.9994089603424072, 0.00021256445324979722, 0.0005061503616161644, 8.935436568435762e-08]
[0.07803338021039963, 0.8712463974952698, 0.03254580870270729, 0.03598662465810776, 0.041669704020023346, 0.0044979616068303585]
[0.9977415800094604, 0.007263980805873871, 0.007924997247755527, 0.004709932487457991, 0.021997174248099327, 0.0001876522583188489]
[0.9958778619766235, 0.20431844890117645, 0.966057300567627, 0.6888139843940735, 0.002233157167211175, 5.108844561618753e-06]
[0.7387242317199707, 0.22327490150928497, 0.1449129581451416, 0.05163157358765602, 0.06734445691108704, 0.015679845586419106]
[0.9628942012786865, 0.8311254382133484, 0.003948662895709276, 0.0012116883881390095, 0.002310940297320485, 1.8657457985682413e-05]
[0.9997370839118958, 0.02253185771405697, 0.013053824193775654, 0.0030788807198405266, 0.010835557244718075, 0.0010600362438708544]
[0.9134385585784912, 0.3126685917377472, 0.1717362254858017, 0.09932658076286316, 0.1484268307685852, 0.013088771142065525]
[0.9941346049308777, 0.02272794209420681, 0.032331887632608414, 0.02039852738380432, 0.068307064473629, 0.0041635469533503056]
[0.8303433656692505, 0.9944630265235901, 0.0354609452188015, 0.07360842823982239, 0.00019334604439791292, 2.9637703846674412e-05]
[0.7891908884048462, 0.25080180168151855, 0.0826076865196228, 0.0581422857940197, 0.0861998200416565, 0.00799494981765747]
[0.6655544638633728, 0.051175132393836975, 0.14352381229400635, 0.31665104627609253, 0.17535577714443207, 0.00916832685470581]
[0.612831711769104, 0.7682818174362183, 0.8726537823677063, 0.0011616460978984833, 0.0013834889978170395, 1.733954377414193e-06]
[0.9999868869781494, 0.13087746500968933, 0.10497593134641647, 0.06373187899589539, 0.012769319117069244, 0.0003787583264056593]
[0.9999420642852783, 0.014190452173352242, 0.006213352549821138, 0.0007052150322124362, 0.006795510184019804, 0.00018520613957662135]
[0.7969136834144592, 0.14219005405902863, 0.7134166359901428, 0.023592593148350716, 0.04173572361469269, 0.003207400906831026]
[0.997969925403595, 0.025722434744238853, 0.03170865401625633, 0.11589843034744263, 0.005654827691614628, 0.0010542409727349877]
[0.7894942760467529, 0.8476365804672241, 0.07154323160648346, 0.020647428929805756, 0.01508176326751709, 0.00014719368482474238]
[0.9988734126091003, 0.16441333293914795, 0.3005387783050537, 0.02380983531475067, 0.006719761062413454, 0.0016232691705226898]
[0.980455219745636, 0.14386145770549774, 0.01464955136179924, 0.3212670683860779, 0.002779313363134861, 0.006070408970117569]
[0.40195685625076294, 0.9920886754989624, 0.18865935504436493, 0.1417233943939209, 0.010728110559284687, 0.00016638317902106792]
[0.775618851184845, 0.6847652196884155, 0.13838769495487213, 0.0803491547703743, 0.06356000155210495, 0.027008773759007454]
[0.9999538660049438, 0.11643704026937485, 0.021866315975785255, 0.012426874600350857, 0.0047012208960950375, 0.0004672157811000943]
[0.5179530382156372, 0.9418129324913025, 0.02308783307671547, 0.01687958650290966, 0.004298767540603876, 0.0029451753944158554]
[0.9469344019889832, 0.7813165783882141, 0.5541306138038635, 0.022715983912348747, 0.04362888261675835, 0.00078330107498914]
[0.5577540993690491, 0.6247847080230713, 0.027521349489688873, 0.13162042200565338, 0.05905202031135559, 0.0032412027940154076]
[0.20047233998775482, 0.7237938642501831, 0.026123536750674248, 0.47933468222618103, 0.015146476216614246, 0.0004280188586562872]
[0.24746957421302795, 0.961237370967865, 0.48434481024742126, 0.12902043759822845, 0.02566787414252758, 0.000501086178701371]
[0.9984681010246277, 0.2003561407327652, 0.027633531019091606, 0.016577506437897682, 0.019656674936413765, 0.0006586745148524642]
[0.42408594489097595, 0.2537789046764374, 0.06139840558171272, 0.038236599415540695, 0.0009186678216792643, 0.0003032621170859784]
[0.9999415874481201, 0.08126290887594223, 0.02286878600716591, 0.002260597888380289, 0.04548147693276405, 0.0003390595957171172]
[0.9979254007339478, 0.014063309878110886, 0.021692398935556412, 0.0031868417281657457, 0.029647221788764, 0.0007705788011662662]
[0.845569372177124, 0.9465625882148743, 0.861342191696167, 0.07772810012102127, 0.012422516010701656, 9.460351429879665e-05]
[0.9995561242103577, 0.01196174044162035, 0.011840315535664558, 0.7469828128814697, 0.0009543443447910249, 0.00013498298358172178]
[0.9607651829719543, 0.5106282234191895, 0.14834445714950562, 0.027565278112888336, 0.01119265053421259, 0.0007007034146226943]
[0.7311784029006958, 0.8821790814399719, 0.03400077298283577, 0.4260157644748688, 0.010919787921011448, 0.003095734165981412]
[0.9989678859710693, 0.04878493770956993, 0.02499336004257202, 0.018390337005257607, 0.015033906325697899, 0.0014859514776617289]
[0.005443969275802374, 0.11856948584318161, 0.44682011008262634, 0.01376150269061327, 0.0017933028284460306, 1.8697979612625204e-05]
[0.9698944091796875, 0.041593004018068314, 0.047058671712875366, 0.005030544940382242, 0.012163310311734676, 2.852031684597023e-06]
[0.6263082027435303, 0.16200418770313263, 0.09506234526634216, 0.07402487844228745, 0.07898036390542984, 0.13431324064731598]
[0.984565794467926, 0.4418974816799164, 0.19376695156097412, 0.07124932110309601, 0.03928151726722717, 0.010231011547148228]
[0.3344351053237915, 0.04342096298933029, 0.02630969136953354, 0.004163552541285753, 0.9978451728820801, 9.485363989369944e-05]
[0.6378940343856812, 0.8300589919090271, 0.022405395284295082, 0.19823281466960907, 0.2296372652053833, 0.0008416893542744219]
[0.13587145507335663, 0.008895638398826122, 0.08285997807979584, 0.001344241201877594, 0.9745877385139465, 4.189691480860347e-06]
[0.9435137510299683, 0.05961458757519722, 0.22432470321655273, 0.05185510218143463, 0.24402876198291779, 0.003388781566172838]
[0.9998842477798462, 0.28199392557144165, 0.1513238251209259, 0.6794580221176147, 0.0720745176076889, 7.9448318501818e-06]
[0.9999878406524658, 0.06648614257574081, 0.02760077640414238, 0.017111049965023994, 0.0054998635314404964, 9.084153862204403e-05]
[0.030023228377103806, 0.9617178440093994, 0.989150881767273, 0.011072332039475441, 0.0011856264900416136, 7.718387706745489e-08]
[0.9927759170532227, 0.10585624724626541, 0.0057809725403785706, 0.038772132247686386, 0.0011625316692516208, 0.0006274268962442875]
[0.9957256317138672, 0.02754790522158146, 0.004956748336553574, 0.016707224771380424, 0.002781155053526163, 0.0020045386627316475]
[0.9868992567062378, 0.08927381038665771, 0.38802123069763184, 0.013958985917270184, 0.0033186469227075577, 0.0002109250781359151]
[0.9999370574951172, 0.0884794145822525, 0.38266244530677795, 0.0052961744368076324, 0.005431683734059334, 3.508700683596544e-05]
[0.9997064471244812, 0.6593236923217773, 0.08529195934534073, 0.007033478934317827, 0.006646188907325268, 0.00026167239411734045]
[0.9927957653999329, 0.01639392599463463, 0.0702587366104126, 0.005367835983633995, 0.00969869364053011, 0.0036731057334691286]
[0.08578851073980331, 0.3354850113391876, 0.9819105267524719, 0.0793352872133255, 0.0639064610004425, 8.309943223139271e-05]
[0.767711341381073, 0.058645084500312805, 0.07412317395210266, 0.5792702436447144, 0.008042392320930958, 0.001421694760210812]
[0.36479201912879944, 0.8094648122787476, 0.10006013512611389, 0.01663133129477501, 0.9097470045089722, 0.00020377602777443826]
[0.9967753291130066, 0.011356883682310581, 0.2880731523036957, 0.0012235146714374423, 0.0009331274777650833, 6.484491677838378e-06]
[0.8876470327377319, 0.15581102669239044, 0.1857185661792755, 0.056473925709724426, 0.04729384556412697, 0.000987956183962524]
[0.28904545307159424, 0.9932209253311157, 0.06348120421171188, 0.19221866130828857, 0.01447533629834652, 0.0018557441653683782]
[0.028642160817980766, 0.5149208903312683, 0.7419754862785339, 0.03284722566604614, 0.005666118580847979, 0.004028725903481245]
[0.0341922752559185, 0.6903215050697327, 0.3485630452632904, 0.3251515030860901, 0.007848681882023811, 0.003587340237572789]
[0.04682537168264389, 0.16001909971237183, 0.07579337060451508, 0.17573469877243042, 0.08421137928962708, 0.06589552015066147]
[0.9981454610824585, 0.0769040659070015, 0.01213931106030941, 0.24464446306228638, 0.0003623499069362879, 0.0009526926442049444]
[0.45824193954467773, 0.2641007900238037, 0.9735462665557861, 0.09832613170146942, 0.013691873289644718, 0.0017343070358037949]
[0.10209556668996811, 0.7507209181785583, 0.7856273651123047, 0.0831918865442276, 0.02490442432463169, 0.00968986377120018]
[0.14596180617809296, 0.7482991218566895, 0.017875974997878075, 0.4623504877090454, 0.002869709162041545, 0.003234484000131488]
[0.5703005790710449, 0.12721329927444458, 0.2504262626171112, 0.03012833185493946, 0.014255193993449211, 0.03641897812485695]
[0.9652975797653198, 0.07938606292009354, 0.04492352902889252, 0.008131997659802437, 0.012346597388386726, 0.012308696284890175]
[0.08655337989330292, 0.045850690454244614, 0.06380840390920639, 0.9905757904052734, 0.0063684177584946156, 0.01748657040297985]
[0.4109160602092743, 0.03984738513827324, 0.2729227542877197, 0.6383092403411865, 0.014598154462873936, 0.019008761271834373]
[0.9798018932342529, 0.09386204928159714, 0.002798503963276744, 0.006081386003643274, 0.0011770945275202394, 0.002507403027266264]
[0.2883094847202301, 0.9999696016311646, 0.06627926230430603, 0.011505437083542347, 0.0011846596607938409, 6.15272656432353e-05]
[0.023402636870741844, 0.5029020309448242, 0.05586833506822586, 0.02233116701245308, 0.008685382083058357, 0.0003478961007203907]
[0.988399863243103, 0.07469537854194641, 0.0049177855253219604, 0.013455350883305073, 0.0023457466159015894, 0.0015014453092589974]
[0.9925756454467773, 0.019823484122753143, 0.07768533378839493, 0.009696714580059052, 0.002381284488365054, 0.00020642975869122893]
[0.1229856014251709, 0.10151270776987076, 0.9053149819374084, 0.18756318092346191, 0.04709580913186073, 0.022801700979471207]
[0.35709139704704285, 0.9350957274436951, 0.051201023161411285, 0.05487940087914467, 0.02296392247080803, 0.0035358741879463196]
[0.13902796804904938, 0.8870457410812378, 0.02986486256122589, 0.041929978877305984, 0.015960566699504852, 0.005250297021120787]
[0.011013254523277283, 0.95770663022995, 0.054019708186388016, 0.040011342614889145, 0.03789530321955681, 0.0017926131840795279]
[0.99522864818573, 0.06440161913633347, 0.004220103845000267, 0.004355381242930889, 0.004674934782087803, 0.003070087870582938]
[0.027563558891415596, 0.9997896552085876, 0.0016734161181375384, 0.004985613748431206, 0.0001140543827204965, 6.7115015554009005e-06]
[0.0037710629403591156, 0.9947469830513, 0.024950290098786354, 0.02285080775618553, 0.00035133893834427, 1.5334411727963015e-05]
[0.0002958205877803266, 0.9950070381164551, 0.02157394029200077, 0.0018269706051796675, 1.0791367458296008e-05, 4.150912786826666e-07]
[0.7828631401062012, 0.9421847462654114, 0.16242414712905884, 0.03163065388798714, 0.0069495257921516895, 0.00978895928710699]
[0.04423000290989876, 0.7638242244720459, 0.5277516841888428, 0.043677713721990585, 0.008248875848948956, 0.0026379430200904608]
[0.6987622380256653, 0.9671218395233154, 0.12487601488828659, 0.20315708220005035, 0.016966545954346657, 0.007804796099662781]
[0.009524599649012089, 0.9987674951553345, 0.0061964369378983974, 0.030439196154475212, 0.0004447236133273691, 1.3183186638343614e-05]
[0.7007490992546082, 0.7967368364334106, 0.09327028691768646, 0.06525418907403946, 0.08106399327516556, 0.004427396226674318]
[0.07621670514345169, 0.20279741287231445, 0.04634508490562439, 0.15878312289714813, 0.043053291738033295, 0.08819104731082916]
[0.005697505548596382, 0.9019762277603149, 0.09062013030052185, 0.0093038659542799, 0.0033502066507935524, 0.0002676494186744094]
[0.9650865793228149, 0.09889772534370422, 0.23610375821590424, 0.014408593066036701, 0.015423283912241459, 0.0031288587488234043]
[0.20775718986988068, 0.10406936705112457, 0.6782581806182861, 0.14719530940055847, 0.035141367465257645, 0.08518842607736588]
[0.2899063229560852, 0.14524897933006287, 0.14116162061691284, 0.23135346174240112, 0.1804632544517517, 0.14995120465755463]
[0.9985694885253906, 0.7332267761230469, 0.049173031002283096, 0.03775711730122566, 0.00455258134752512, 0.0004568588628899306]
[0.7853689193725586, 0.6162859201431274, 0.542916476726532, 0.02879507839679718, 0.04961605742573738, 0.000818194355815649]
[0.03351296856999397, 0.9381201267242432, 0.07574184983968735, 0.1163109764456749, 0.07840020954608917, 0.002030338626354933]
[0.018810929730534554, 0.09182257205247879, 0.9822832942008972, 0.05256755277514458, 0.0024606429506093264, 0.00215155933983624]
[0.6217713952064514, 0.07730727642774582, 0.43164217472076416, 0.6069216132164001, 0.005428690928965807, 0.0026421742513775826]
[0.19420741498470306, 0.8205951452255249, 0.012532628141343594, 0.9274140000343323, 1.7048567315214314e-05, 5.6931149572392314e-08]
[0.9999629259109497, 0.5166730284690857, 0.024839984253048897, 0.03666120395064354, 0.004659438040107489, 0.0004082814557477832]
[0.6781176328659058, 0.9955390095710754, 0.01951116882264614, 0.01340168621391058, 0.0018091232050210238, 2.6925023121293634e-05]
[0.32047170400619507, 0.13287922739982605, 0.036731742322444916, 0.07223766297101974, 0.04249186813831329, 0.025879299268126488]
[0.8726850152015686, 0.7911275029182434, 0.025891225785017014, 0.043475184589624405, 0.004308103118091822, 0.005330844782292843]
[0.9004697799682617, 0.7121365070343018, 0.7499678134918213, 0.21837307512760162, 0.03335524722933769, 0.00696873664855957]
[0.9951765537261963, 0.9304915070533752, 0.6013512015342712, 0.04816518351435661, 0.04156678169965744, 0.0001328266953350976]
[0.8976708054542542, 0.04857077822089195, 0.02801717258989811, 0.8856345415115356, 0.004011933226138353, 0.0072984411381185055]
[0.9996596574783325, 0.040097761899232864, 0.02210536040365696, 0.06700199842453003, 0.007618473842740059, 0.0007654425571672618]
[0.007534740027040243, 0.975937008857727, 0.34304279088974, 0.027642380446195602, 0.026017161086201668, 0.0001676851970842108]
[0.04749882593750954, 0.9996151924133301, 0.004134930204600096, 0.011330823414027691, 0.00028022940387018025, 1.0749614375527017e-05]
[0.0011038349475711584, 0.9900146722793579, 0.24922415614128113, 0.013344867154955864, 0.0006512341205962002, 2.0407780539244413e-05]
[0.8304157853126526, 0.513673722743988, 0.08013732731342316, 0.24904444813728333, 0.010803344659507275, 0.0014175139367580414]
[0.7511885762214661, 0.8114893436431885, 0.23913732171058655, 0.023372843861579895, 0.03523626923561096, 0.00031975519959814847]
[0.607035219669342, 0.10902777314186096, 0.14369450509548187, 0.13905780017375946, 0.016935257241129875, 0.015425625257194042]
[0.908487856388092, 0.1381910741329193, 0.22303849458694458, 0.15024584531784058, 0.04464420676231384, 0.032653938978910446]
[0.9931526184082031, 0.19215360283851624, 0.10234246402978897, 0.027207812294363976, 0.04951212927699089, 0.0010490932036191225]
[0.8989725708961487, 0.7555978894233704, 0.02316366508603096, 0.023265773430466652, 0.009767130017280579, 0.006360125727951527]
[0.9997895359992981, 0.018029915168881416, 0.0103527856990695, 0.14328674972057343, 0.001624608994461596, 1.7508033124613576e-05]
[0.8918424844741821, 0.9932677745819092, 0.05925090238451958, 0.006998593453317881, 0.0014402844244614244, 9.138732821156736e-06]
[0.2682074308395386, 0.9839447140693665, 0.07251022011041641, 0.11768635362386703, 0.01794670894742012, 0.006748671177774668]
[0.9515551924705505, 0.9363864660263062, 0.1920837014913559, 0.33639487624168396, 0.07353108376264572, 0.00469268299639225]
[0.9954788684844971, 0.013919209130108356, 0.6370691657066345, 0.016554784029722214, 0.0020324827637523413, 2.816977030306589e-05]
[0.9607321619987488, 0.21447235345840454, 0.6477560997009277, 0.30670976638793945, 0.04528064653277397, 0.001304107834585011]
[0.00220137694850564, 0.9878971576690674, 0.0020264042541384697, 0.010704760439693928, 0.0009347649174742401, 4.791511673829518e-05]
[0.47816622257232666, 0.008711792528629303, 0.20092758536338806, 0.035441722720861435, 0.011893977411091328, 0.004471269901841879]
[9.398157271789387e-05, 0.9985857009887695, 0.0005221857572905719, 0.001823646598495543, 7.770670890749898e-06, 2.646487473612069e-07]
[0.9747306704521179, 0.016137247905135155, 0.06122133508324623, 0.3500387370586395, 0.0007291974616236985, 0.00016726154717616737]
[0.8052642345428467, 0.9750862121582031, 0.037000857293605804, 0.33944395184516907, 0.008628863841295242, 0.003381516318768263]
[0.9958940744400024, 0.7476224303245544, 0.03269745036959648, 0.010112983174622059, 0.016338005661964417, 6.427300832001492e-05]
[0.9999783039093018, 0.09378303587436676, 0.0039385356940329075, 0.0044809505343437195, 0.00046588253462687135, 3.345694494782947e-05]
[0.6032800674438477, 0.15658770501613617, 0.04050669074058533, 0.032490938901901245, 0.06600562483072281, 0.04554775357246399]
[0.26721689105033875, 0.08652964234352112, 0.03056236356496811, 0.9950820207595825, 0.0027230007108300924, 0.005867774598300457]
[0.9652245044708252, 0.7502132058143616, 0.022932762280106544, 0.02562045305967331, 0.011630219407379627, 0.0014175503747537732]
[0.15110072493553162, 0.12473843991756439, 0.2160595804452896, 0.9462808966636658, 0.0103054940700531, 0.024253372102975845]
[0.9997739195823669, 0.07405876368284225, 0.04916111379861832, 0.022273799404501915, 0.008617226034402847, 0.0010912102879956365]
[0.21578794717788696, 0.03515283390879631, 0.9857333898544312, 0.04140898585319519, 0.00801855232566595, 0.00023985991720110178]
[0.9954641461372375, 0.1788981705904007, 0.6491664052009583, 0.0033325788099318743, 0.0007351813837885857, 4.889856791123748e-05]
[0.6328108906745911, 0.11393966525793076, 0.5950512886047363, 0.007853852584958076, 0.02996092662215233, 0.0005533827352337539]
[0.08539597690105438, 0.20680896937847137, 0.5146490931510925, 0.039608653634786606, 0.9308465123176575, 0.0003840168647002429]
[0.09094279259443283, 0.07647869735956192, 0.10649815201759338, 0.19500863552093506, 0.08047081530094147, 0.10610263049602509]
[0.9994275569915771, 0.03534970432519913, 0.003600661177188158, 0.7974700927734375, 0.00011616588017204776, 7.97516040620394e-05]
[0.03571585938334465, 0.9004551768302917, 0.7525286674499512, 0.10996113717556, 0.013495564460754395, 0.0009177745669148862]
[0.6815654635429382, 0.07780946046113968, 0.012154634110629559, 0.7096583843231201, 0.0009467577328905463, 0.0035723350010812283]
[0.004056999925523996, 0.992319643497467, 0.01780921034514904, 0.005449284799396992, 0.0035905938129872084, 9.810802112042438e-06]
[0.001490757567808032, 0.9996944665908813, 0.0008733609574846923, 0.0036211968399584293, 0.00010586719145067036, 1.0394485343567794e-06]
[0.9965152740478516, 0.8762859106063843, 0.06833361834287643, 0.034080713987350464, 0.007354517001658678, 0.0010642410488799214]
[0.6671531200408936, 0.05675947293639183, 0.020163951441645622, 0.10536076128482819, 0.003980728797614574, 0.0021923084277659655]
[0.24189648032188416, 0.8536489605903625, 0.09490024298429489, 0.006011579651385546, 0.0010515633039176464, 5.185517238714965e-06]
[0.4700457751750946, 0.015326295979321003, 0.6746949553489685, 0.04339149221777916, 0.006784798111766577, 0.003634527325630188]
[0.09416452050209045, 0.8699411749839783, 0.031828396022319794, 0.06203047186136246, 0.09315358847379684, 0.001227045082487166]
[0.9121267199516296, 0.005133251193910837, 0.29787057638168335, 0.048270367085933685, 0.004543990828096867, 1.8624818039825186e-05]
[0.857941746711731, 0.06874490529298782, 0.02812952548265457, 0.02477326989173889, 0.03565819561481476, 0.02818749099969864]
[0.9990504384040833, 0.0039076549001038074, 0.04665884003043175, 0.0014646433992311358, 0.005766301415860653, 0.0004032925353385508]
[0.04416268318891525, 0.8446162939071655, 0.5966242551803589, 0.05193028971552849, 0.010538469068706036, 0.004637433215975761]
[0.11780590564012527, 0.9560474753379822, 0.020874302834272385, 0.02219882793724537, 0.0025013398844748735, 0.0006556657026521862]
[0.9999865293502808, 0.08614011853933334, 0.06761220842599869, 0.036172445863485336, 0.023508751764893532, 0.0001459460472688079]
[0.9978093504905701, 0.7494731545448303, 0.012856616638600826, 0.19318898022174835, 0.0009454978862777352, 0.0003726533323060721]
[0.9428184032440186, 0.01918269880115986, 0.00338574405759573, 0.0005404799012467265, 0.7425273060798645, 8.490523759974167e-05]
[0.9928764700889587, 0.010890974663197994, 0.01117989607155323, 0.0036403255071491003, 0.05001962184906006, 0.0005552250659093261]
[0.016509415581822395, 0.9747458100318909, 0.06315093487501144, 0.01446843333542347, 0.0059053776785731316, 5.6472399592166767e-05]
[0.6784973740577698, 0.040888283401727676, 0.050320517271757126, 0.05532561615109444, 0.055461496114730835, 0.02549492008984089]
[0.999859094619751, 0.3831886351108551, 0.05404021590948105, 0.01310680527240038, 0.058282315731048584, 0.00016363499162252992]
[0.6248481273651123, 0.31439584493637085, 0.5100340843200684, 0.21368394792079926, 0.0670861080288887, 0.00424474012106657]
[0.9841727018356323, 0.6672426462173462, 0.1646074503660202, 0.3970571458339691, 0.06882960349321365, 0.013670253567397594]
[0.9957192540168762, 0.07994148135185242, 0.9955677390098572, 0.03324323147535324, 0.007783474400639534, 0.000131353794131428]
[0.24822285771369934, 0.9887351393699646, 0.6472814083099365, 0.0046801320277154446, 0.00041767515358515084, 5.8156086879535e-07]
[0.9904327392578125, 0.07285275310277939, 0.22834207117557526, 0.04125117138028145, 0.0037667234428226948, 0.0022067565005272627]
[0.1923111379146576, 0.8310607075691223, 0.011435850523412228, 0.015609306283295155, 0.9652085304260254, 1.807678199838847e-05]
[0.8357072472572327, 0.3187520503997803, 0.8176290988922119, 0.10659169405698776, 0.16251018643379211, 0.00864921323955059]
[0.9842790961265564, 0.19291914999485016, 0.12295330315828323, 0.013943045400083065, 0.9312461018562317, 4.5184158807387576e-05]
[0.9995774626731873, 0.017652912065386772, 0.23352591693401337, 0.002230479381978512, 0.0019448280800133944, 0.00022061035269871354]
[0.6556851863861084, 0.9095863103866577, 0.17460688948631287, 0.21301177144050598, 0.20571309328079224, 0.002142586512491107]
[0.5631133913993835, 0.20493079721927643, 0.10361430794000626, 0.14350152015686035, 0.3493408262729645, 0.03262539207935333]
[0.4408629536628723, 0.2143383026123047, 0.021907251328229904, 0.020096855238080025, 0.25036150217056274, 0.0021152666304260492]
[0.7125035524368286, 0.16692467033863068, 0.06738139688968658, 0.06597829610109329, 0.07428262382745743, 0.02483636513352394]
[0.7360140085220337, 0.9661571383476257, 0.1162734404206276, 0.036260612308979034, 0.006986161228269339, 0.0006574130384251475]
[0.1845320165157318, 0.055472176522016525, 0.06995243579149246, 0.19734448194503784, 0.49234721064567566, 0.0093372892588377]
[0.8680465221405029, 0.7565305233001709, 0.03127438575029373, 0.03557068482041359, 0.009572243317961693, 0.00176830287091434]
[0.9130462408065796, 0.8131253123283386, 0.19006787240505219, 0.03587159141898155, 0.44391196966171265, 0.0005674278945662081]
[0.9214274287223816, 0.8385146856307983, 0.018376784399151802, 0.020421426743268967, 0.8519822359085083, 1.0694760703700013e-06]
[0.09607637673616409, 0.512231171131134, 0.07361966371536255, 0.07624613493680954, 0.9451563954353333, 0.0036370214074850082]
[0.9992115497589111, 0.16208218038082123, 0.020900579169392586, 0.01074124127626419, 0.006334607023745775, 0.0009068292565643787]
[0.9952327609062195, 0.5314117074012756, 0.06204889714717865, 0.07251293212175369, 0.0018325896235182881, 0.00079957558773458]
[0.024025550112128258, 0.8543815612792969, 0.02493991144001484, 0.02579224854707718, 0.03605601564049721, 0.0014415852492675185]
[0.9867644309997559, 0.01030628103762865, 0.9997310042381287, 0.005133163649588823, 0.0011380418436601758, 2.8171814392408123e-06]
[0.999961256980896, 0.04874453693628311, 0.019549569115042686, 0.015424942597746849, 0.010901725850999355, 0.0005050108884461224]
[0.9968531727790833, 0.26660099625587463, 0.05246865376830101, 0.06421035528182983, 0.20597124099731445, 0.0002462096163071692]
[0.9942606687545776, 0.027716035023331642, 0.008092689327895641, 0.0029265994671732187, 0.004994387738406658, 0.003092793980613351]
[0.9122446775436401, 0.06847306340932846, 0.3706611096858978, 0.197657972574234, 0.0002175842528231442, 1.608084494364448e-05]
[0.7300012707710266, 0.8774829506874084, 0.9610536694526672, 0.024497821927070618, 0.04210978373885155, 5.510645860340446e-05]
[0.27570316195487976, 0.6546819806098938, 0.04862362518906593, 0.13450051844120026, 0.02916766330599785, 0.023021390661597252]
[0.49987539649009705, 0.041770368814468384, 0.13953185081481934, 0.052117720246315, 0.18768446147441864, 0.010316646657884121]
[0.7361060380935669, 0.34108996391296387, 0.07161050289869308, 0.012642252258956432, 0.03612334281206131, 0.006622625514864922]
[0.9005386233329773, 0.6760227680206299, 0.011319451965391636, 0.0012283595278859138, 0.0018348677549511194, 6.286772077146452e-06]
